1001011010000000101
10011000110110010011
100010100010110010
11011000000001101110
1001011010011010100
11101110010110000101
11100101001100010101
11101001000000001001
11000000100110011110
11101010100001010000
1001001001100011000
10011110000111000110
11101000110000111010
100000101110011110
10110001100011001010
10010011110111101100
10000101100001011001
1011111101100011001
10110100001001111110
11000100000100100
10110010000010011101
10001011011010001011
100001100000111001
1101111001110001100
1111001101000001111
10100110111000100110
11010111011101100001
10000110000101111001
11000101010001101110
1100101011100010010
10110100000100010100
10011101001101110000
10110111101111010001
11011110000111010110
11001100110000101001
11101111000000100011
11001011111110110010
11110010100111001001
100001010001001100
11101010010011100000
11000100010000000000
1110110101010111110
11000101011001000110
10100111001101110111
10111101111010011011
11101110111110011010
11010010010001110
111001100100011001
111011011010111100
11001101000011110010
1000110001011011101
11001000110100001100
1111011001011111011
10101001000001010110
10011001100111001010
101011111011001000
111101111010010111
10101101011010101101
1111100000000001111
11101000101000011
10001111110001100111
11110000110010111
11110110100000111
110010000000101111
10001101000000011010
100000101111110111
10000010101001100101
1001011111001001000
1111101111011100000
10100011010110000011
11011011010100111110
11001101110101011011
11101000101001010111
11010100101111111110
100011010010101001
10010010010010110010
1111101100001010110
11101010001110011101
10100001001010010001
100000110111110001
1001101110100100001
10010100010001011111
1011000011100111011
111101100010101001
1011100010111010100
10000011111111110001
11011001011110001101
101100100101001101
10011001011111111011
10100000111001111101
1110010011011100000
11111010111111011
1010011010001011000
11000100100011001101
11010101100011101000
1111110100100111100
10010111111111001111
1001000010100000010
1100011100110000001
11101111100110110111
10000010111111111000
100011101010110100
10101110010101101000
11011101000100000110
11001111010001101001
100010110100110100
10000110011000111010
1011110101110001000
1100000110010010111
10000001001100110000
10110011010010111011
10101010011111000001
11100110011010111101
1100000110110100001
11011001111101011
11101101000101111101
10000111110000101110
1101000000100001110
1001000010101101001
11100111011000111001
1101101010011110000
1000111100001001011
1111101010101001100
11010011001100110010
11001001000101011011
11010001010010011100
1011010001001001101
11011111001001011011
11011110110001111101
1101000010111101110
10100001011111100100
11001000001011100
1111111111100100111
11111101111011010
1101001101000001101
10011010110101110000
101110010001111100
1001110110100110110
11101001011111100100
11100101110010001010
10000001011100000010
11011100100001111111
11011011100010001010
10000110111100111101
10001011110010101101
110000010101001000
11100010001001011
10101001011100011011
111010101010110110
10111101011001010111
110001011111101111
10000001001100011000
1011101001110101101
1010101111100001001
10111001001111001111
11101110110010010111
101001111000110011
110011001110001101
10010011000101010100
100111000011001100
100011001011110100
11010001110111011010
100110010111100100
10000001110110000100
1100011011001000101
1000001011110111110
10110011100111001011
1110100101100100011
1011001101100000011
11010100110100000011
101101000001110101
10001010101110010110
10100010101000011001
10111001110100000110
1001000100000100010
10010001111000110001
10001000100100101010
1011001111100101001
10010100010001110001
11001000000011110011
100010100100010101
10101111001111011010
10101111010101101110
11001001010101101100
10100110101100010011
1001100110101100101
11000001000101110111
10100000010010011000
11001001111110000111
10010001101000111001
11000100111010111110
1111010000010000011
10010110111000110010
1111000011000001010
10100110001010111010
1000111000101100100
10010101111001011101
10111011010011111000
10011000101001101000
1100110101010100000
10011101111111011110
11101000101100010101
11010010110001011010
1110111000110001000
111111101101101011
10100000101010101111
1010011111110101001
11101000110001000
10000100001100111101
11010000011110000
10100001111011101111
10001100010001101110
10100110010111111001
11110011000011001101
1011100100000000111
11000011000101110011
1100101001011000111
1100100100011111000
1100010110111000011
10101111110000001101
11010101011011001001
10101110000100110101
11010111010001000
11010011011011011001
1100001100111101010
10100001110011001100
11011100011011000111
100111110100011100
111110001101111000
1001010111011110010
10110111100111001100
11001100010010110110
10100110001011001011
10010011111001011110
1101100101101111011
11101001110011110011
1011001101001101101
10101010111101100000
10001110110001010001
10111110011110011000
10000010110100100001
10100001100000110011
11111010000110000
11010000100001101010
1110101111010001010
11001111001000111001
11000000110011101001
1001100101110001101
11001100110101110000
1010000110011011001
11000000101010100111
1100111000010101110
1100010011110011010
1110010111111110010
10111101101100100100
1111001110000111000
11100101100111111
111000110110010111
11001110101100111010
111100000100001010
1111100001101110000
100100010111001001
1001100100111100110
1011001110001110011
100100111011110111
11100001011110110110
10010001101111101001
11010000100111011010
11110100000011010111
11010000000001000011
1110110101010101111
10001000000001101111
10111110101101110001
10111111101111110110
1100110011111001100
1010100111111101111
10101110010011100000
11101111010010110010
11011011000110010011
1011000111101101110
11100100010100000101
1101000110011010000
100101100011100001
11010000011011110
11111111000111001
10001101000100011010
100101000001110111
10011000001111110000
11000000010110110111
1001100011110000100
1000010101101001110
11101000000000110100
10110101101000000000
11000010101001000110
10010100101111110110
10110110011100100011
1000001001100110111
11110010010111101111
1110110100101001001
1100101110010010010
11100010011000000101
111000000111110001
1010100001100010101
11101110010001000010
11010010000111111
1100111100000101011
110001100111110001
1010110001001110110
11010000110111111110
10010100010100100000
10011011100110011001
10111000100111011101
11010101000001110110
11001010110101100
10100000100001111000
10111000100000010000
1101010110100010110
1011000100011110010
10111101110010010000
110100111010111101
11001111010011100010
11110010010100000011
11110011010100100011
10010111000110100110
11011110010101101
11011011110000000010
1110110001111100110
10001101111000101110
1010001111111101001
11101110000101001100
10111011110101111110
10001011001111010001
11011001000001000011
10011001011001101100
10100111100110000110
11001010001101000101
11010100101000111
11001100011101001110
11010110001011110000
100010001101000111
10011101110101110111
1111101001110011101
11001100110011101
10000010110011011001
1101100001000000011
1111011001010100000
11110001101101101
10100001110001111010
11000110011100011100
11101111010100101101
1101111111000100111
10011001100100001000
1010101110001110000
1111111110000101101
1000011011101110100
10011100111111010111
10001111000001110011
110011101110001101
10101110110001101011
1110011010110011001
11100000011000011100
11001101001100111110
100111000101100011
11100010110001110
10100101000001000110
101000111101010001
10110110011110101010
10110001100111110001
10110011100001110100
10011101100111011000
11110011011001000
10100010111111110101
101001110100100100
11001010001111111000
1100000100000000011
101101111000101101
11001111100011010001
10110101000011001011
11100100111110001111
1111001000001110101
111101010101101111
10010000100101101110
11010111001110011000
101101010010011101
1100011111000001001
11001100111110111101
11010001011111110101
111101001001000010
11011000001000110100
11011001101011010011
10011000100011111110
1011110001010110100
11011111111000110100
100001111100000010
10001100100101100100
10101111101011101000
10110101011100000011
100011100011000101
1100001111100011000
11010101110100100
1101011110111011110
10110011001100011110
10110101100001011100
1000100010111110000
1011110101001110000
11101011100010101001
1001100101011101111
10001001010101110001
100100011001101010
10101001010011010011
1111011110010100000
100111001010001100
1111111001000111100
11000110011011110111
11011001100111101
11101010000111110011
10100001100100111111
10110101001001101000
11001001110000101111
11110000111010110
10010101011111111111
11010101101110010101
100100111111011001
10011100110001010110
10011101010000000000
10000010001111111100
11000010110011001011
1111000011101000111
1111110010010101110
10110110000111100111
11001101101111011010
11010010101111001101
11001100110001011110
10011100010101000111
10111000110011011010
10101100100101100100
10011110101010111100
1000011100010010100
10000111011011011100
10010110011000111001
11011001011000111011
10100001000111100111
10110011000011001111
10000000111001101101
1100010010111011111
1101000010100101101
11101111101111001100
11110100110111010
10010110111111100011
1000101110111011000
11000011111110001110
1100101010000100110
10010001001010000101
10101111010011101101
1010010011011100000
10101000010101010100
100010010010000010
1110010011000101110
11100110000010011011
1100101010100100000
11011101001110010110
10100011111011010011
10011001001001001010
10100011011110101100
11101100101101110111
10100110101000100110
11010110100001011101
1111111100001100101
1110110011101010010
1000010000100100110
10101011111010010100
11011110110110011111
1111001110100001000
100111100001000000
1001101011011111110
1110111011111000000
1011100101100100111
111110011000110010
11100010111101111
11001111010101011
11100111001111100001
1010101111100010110
11010001000101010000
1101001000111110101
11010101100010000001
1111111001000110000
10101011011111110100
1011000001011000111
10100101011010100111
1010000001111111100
10100010000011101000
1000011100101011111
10111001101100000011
10001110010101101111
11010111111111000101
110001100110001001
10010011101110010111
11000111101101010
10111011000010111010
10110110011100101111
1011000110100010011
1100011000000101010
101010111000111111
11101001110000010110
1001100000010011001
1001111111101000000
1011100100001100010
10110010010011110101
11010000010011001010
10010100000000111111
11000000111010011000
10101101100010110111
111000101100000010
1011100001010000110
11110010011111000
10111011011000001001
1110000010101101110
10101101000100000111
1000100110111100100
110000100100100010
11000110010111011000
11001011100010111111
10000010110100100001
10101101011100101111
10110001000110001000
1100101001111010101
1111101101001111000
110100111110100100
1000011100001010111
11100110001000111110
10001111001111110000
11001101011101110101
1101011110010100111
10000001111011111010
11101100011010101111
11100111011101110110
1001101111011111001
10101100101011011101
11101010100110110001
10010101011001000110
1101101101011110101
10110100100011101001
10110101011001110101
1101100110100011011
11000110110011010110
10101011100101101011
10011101100001111100
11101111111100101001
10110000010011111111
11110011101000011
11011010001000000100
1000011010110110110
100000011101001111
10111111000010010111
11000110011001110101
111111000001100100
1000110001010111010
10011010111001000101
111000010110001001
11110000111111001110
10011110010110001010
10011001001111001010
11101100011001111000
11110001000100100
10110000101011000000
1101111110001111001
11001011110010100111
10101010011011100110
10010001011100100110
10111110010011110000
10111101101100011010
11010001001011000011
11101111110010110101
10110110001100001100
1001111110010000111
101010001011001100
110101101111110000
110110110011000000
10001111000100000010
111111001100010000
10101100001111011100
10011110100011111110
10010111001011111000
1110110110101001111
11110101110011001
10000011010110111100
101100111101000011
11100111110101000000
11011010100000001010
10111111100001110110
10010100011111111000
10110111011010001001
111111000000001100
10110100010110111000
11000000001110010010
1011001110111000000
10110111011010101000
10111001000000111000
10100000000001110000
10101001000001010101
1000111000000110100
1000111101000101100
1100110010100011100
11001000110001110011
11100001111110110010
100001000111111110
10010001000100101010
11001111111100011100
1100110100011010111
11001100100111110100
11001000001110101
1111111100000001010
10101111111001010011
10100001011101001001
110100101101010000
100011011100010001
11101000011101101000
10010000111111000101
10111110010101100000
1001001101110000110
11001111001100000101
10001000011111000101
101000100110001110
10000100111000111011
1001000100101010000
11001010110100111100
10010000010010001110
1011010010101101100
1000001000001101001
1100111010100101100
11011111101100101111
11100110010101111110
11101001101001100000
10000111101111110111
101001100101101111
1111110111011110101
1010011111010001111
11101000110111011111
11111101110110100
10001111010111001001
10000001010010010100
10111000000010101100
1111100101001000111
1101010001101110011
11110011110110010101
1111110011101100100
101101000011100000
11010101110011101110
1000110110101100100
1011001010000100001
1011000100101110111
10010100110011100100
11101100010000110011
10010110000111001111
10100000010010011101
11001000011111111100
1100000111001111100
111000011011111011
1101101100110110010
100010010100001111
10010001101010101000
1101110000010001000
10100011110001001011
1100000011110100110
1111001011110011001
1000101000100001101
11010101001110100
1101000011001000101
11101111100001100000
10100101110011010001
11001000111000111011
10011001111101111011
11000100110110100000
11001011101101001111
11000010010100010111
1000111111110010001
1111000100001111000
11011001001100010011
101001011010110010
1110011010001110110
1000011011000011100
100000001001000000
1111101010001111000
1111110100111111011
1110110001111010000
1100101011010111101
11010010001001100011
11101100100110011110
10011111011010110111
10010110110001011000
1010010011001001010
100110011011110110
10011111000010101001
11100010111010010101
1101001110010100110
1110110001101000010
10110111000101000000
11011000101110001
100110011101111001
10001010001011110101
11001110111011010000
1011001100000001010
1001100100001000101
1000001001000100011
11110011101100111101
1110011101110111110
1110101011011010101
101011111110000010
1111110100101101000
10101111100111111111
10111000001100010110
1101101001110011001
11010100010110000110
1010001101001101100
11011001111011001010
11100000010111001001
10110100011001110111
11100111011110111100
101110000000001000
110101001000111000
10001110111100111111
10011001100001000010
11010110111101101100
1100010001111101000
1100111111110100011
100010101000010001
11010100100010100110
10101100100101010001
11100011110010001111
1111110110001001001
1000010010111000101
11000110011100010111
111110100000101101
110101000101110101
11010001110010010
11101011000000100011
11011000101001001110
11100100110001000000
11000111101111001001
11010000111001111001
11100110111101001100
11000011011110100
11101101100111110101
11001101100101010100
1111010011000011110
1101100000000000001
10001010011000111011
1110111010000111001
11010110001000010000
11110000001101110010
11011101010000111001
10101100010000011001
100001000001111101
100011000101100000
1011000100101011011
1101100001101100111
1000100011011101001
10001110000000001100
11000101011100110000
111101010110101011
1111101100001010010
11110001111110111001
11101100000100001
11100001100100101100
101100011011110101
11000000111000101110
11101101100100110000
10100001110011110011
10101100010010011010
1010101000000101111
1110001111001110010
1100010011110011100
1000110000000001101
110010010100110101
100011000000101110
10100001000000010101
1011110001110111010
1010110010001111111
1011101001011100110
11100111001010010011
11000100110001001110
101010110010101001
11100100000111000010
11100101101001101101
10100111111000101111
10001100000000001010
1001100010000110110
11001111010000001100
100010100100110010
1000011000111011110
100001011111110001
11000101011110001001
11011110001001000111
10011001110100000000
10110000101000111101
11101011110110010100
10101000100111101110
11100110110010111001
11010010000011000001
11010100110101000101
101100010111111100
11100001011100111110
100000111100010111
11000000010011111110
1111110110110101011
101001100101110100
101111001100001001
10111001001111100010
101101011010110100
10010010111011010000
10000111011010101101
101010111101111101
10101100001101110101
100000101010011111
101010100100110010
1101001011110001011
1001100010001011011
10000110101001010011
101010110110100001
10010110010011110010
10100011001100000010
1111110010010000110
1010001111000111111
1010111010100010111
1101000111111001010
1010000111011000001
1010111001110110000
1111001011101011011
1001111001100100110
11101011010000101110
11101000001101111110
1011100111100100000
11110010000100001010
11110010000111101010
1000010011110010110
1001110010111000110
1010001010100101110
101010110011101011
110101111011011111
10010000000101111111
1010101100101001011
10100101111001110111
10011010011000100100
10000110000111110110
10001010111101100110
1100110000011000111
11001100101111011110
1110011010001000110
110010101001100011
1011011110111100111
10011000011100010100
10001101000011101000
1111010010010000111
11100101010110110101
1110001110100101000
1101000000101001011
10010111101111110001
10001111000100110110
11000010010110011001
1000011111100111101
11000000000011011001
11000101010100011000
10001100001001000100
1101100010111110011
10010110100100111001
11101010001011010111
100101100111011001
10110000011011101110
11001010001001011010
11011000111111001100
10010101001001010110
101011001001001010
10010011111100110000
110111111010010010
10100111111111000001
101101110100101001
101100101000111011
11011110111101111111
1100110010100000100
11100101001111011011
1101011010001111111
1100000100111010111
1010100101111111101
1101010100001011010
10100011101001000011
110111101011000100
110010010010010000
10010001101000000111
111100011011000100
1000100101101100111
1000001010100011110
11011001101111111010
11011010110010100110
100100000010100110
10110011010100000110
10111001011111111000
11110010001010100010
10111000101000111110
10001001101110100010
10110110011010100111
10111011000111010110
1100110010011111000
11010100010000101001
1110001000000100110
1101100011110000110
1111100000111011110
1010000100100000101
10001100010101000001
1110010011111111101
10110001101110101101
1110001001111001111
100101000101101001
11001011011010101
10100011001100110010
1001000010000010101
1101011111001010000
11011010100001001
11011001001011011010
10010111001111010000
10011001110000110100
11010000011101111111
10111100110001110000
111001011001110010
10100001001000100100
110000101000000100
101110000000011011
10000001001000010111
111010000010000011
10011110110011110011
11110000010111011010
101001110001110100
11110010110100111110
10011001000101111100
10100000000110100010
110010101011001010
11010100011000001100
10101111110110010000
10100100010110111001
10011100010000101110
10001110010111011111
110000010000001110
1100101101100001001
1111010010111000011
11010110010011000001
1011010110101101001
10110001001010111101
10100100101001010111
1001000101101010000
1001111111001111000
110100101110011010
10101011011000100010
100110101011111001
1111101010110101010
111110000100001101
1111000001101101101
101100000100111001
1010010100100010111
1011011101011110001
111010001110101000
11001101110100111
10001000101010010001
100011011001100000
1000000110000011000
1100100111010001011
10001100101111000011
11000111000110010110
10111011101111010011
1011100011111010110
1111011110010100001
1111100001011101011
1100101101010011010
10000001100011010011
11000101010001111
1001001111001001010
11010101101001001
10110010011100010011
10101111000100010001
1111111101111100000
11000010011000011000
11011011010011110001
11011010101111001001
11011001010001110000
10111010000001100001
110001100111010011
111001011110010000
1000011100000010001
10011110100011011001
11011000011110110001
110001001000100101
10111111000100010110
10001100100010101100
11001000010100101111
10011000101000000010
10001010111011101101
1101010010111110110
11000101100111011110
11000110001000011
1110110110000010110
11100100001000001011
110010101001110111
